3.1047657,0.09022422,0.07961961,0.5934601,0.05182995,0.3752721,-0.07924072562826942,0.07156414733980396,1.6113774287565743,0.15652708523875813,-0.01887384850861028,0.4521685538213773
2.8961885,0.38847694,0.10211882,0.5842311,0.13163868,0.37162527,-0.24641462406550027,-0.0694478206412467,1.8143731867201456,0.17722712406924798,0.019009224874424184,0.48158466595581023
-3.024423,-0.16868047,0.053700667,0.5573074,-0.03935957,0.37860176,0.11607494118938556,0.09916204901284184,1.6631583381926214,0.13125602163054673,-0.08800073411582782,0.436160997045182
3.0463972,0.10385818,-0.18831581,0.65903723,0.008527087,0.37558347,0.00014284191541253437,-0.13323400172473016,1.626985824314233,0.09081325595902619,-0.02135697380571327,0.44495234719270077
2.8232937,-0.2230986,-0.09455015,0.6421403,0.12936722,0.37835774,-0.20173049896113132,-0.2610007011146617,1.3928681329659676,0.10214571403511916,-0.046673442818334125,0.4835635242040537
2.7212853,-0.0075932657,0.024507044,0.5567407,0.2488731,0.46407256,-0.34841616684453963,-0.29111202062761243,1.5344384998958673,0.14007725594184428,-0.07630886909829844,0.6280942664333858
2.6902792,0.39461708,-0.06078932,0.5614828,0.23609398,0.46959522,-0.3146305080489865,-0.35071496150519244,1.8266230481695176,0.1596788456361944,-0.03781527789058906,0.6276934234984437
-2.757075,-0.25333574,-0.15981661,0.5109293,-0.21700086,0.43212458,0.19380818163496846,0.42559791157557936,1.707468061765725,0.09640787294173386,-0.07853092311209411,0.5416350785223139
-2.7436764,0.3271957,0.07319404,0.5136279,-0.16479176,0.4313631,0.3230930803059775,0.27813055722513197,1.2970532793055356,0.06985267536970433,-0.14349361838367433,0.5046335244792122
-2.692484,0.19621778,-0.1671488,0.38199222,-0.1604756,0.4705811,0.23840832802172565,0.4725263388910109,1.3779985386782625,0.13221910775465687,-0.1948057739508598,0.5792196498889228
2.7423987,0.013403225,0.15416345,0.46066368,0.22799096,0.53455,-0.4085448648748925,-0.2026573728038386,1.546958960521858,0.10150337577094141,-0.11232540367414089,0.7072199696212518
-2.8353174,0.10072739,0.36274144,0.594381,-0.144322,0.5068656,0.4027971055245253,0.05648818775689548,1.474886325252761,0.09572175218124308,-0.17132485806007205,0.5414331314052483
-2.9055636,-0.031049011,0.32966402,0.6788524,-0.05314224,0.40795097,0.33770328766650387,0.028509874334570515,1.5698593112224688,0.1490914633475089,-0.05006077267868132,0.44986852194623833
-2.9080472,0.58459353,0.37777174,0.68775654,-0.029318273,0.40129536,0.2938311063807466,-0.04732229419778276,1.1578800185260638,0.1142479514115103,-0.08073183536644038,0.44361280593228203
-3.086795,-0.39211166,0.3910194,0.6861408,0.03302081,0.39178997,0.19889402471159592,-0.16044172819180585,1.8069220735671665,0.1595095165314829,-0.023973856228523677,0.4484033321705132
2.9166086,0.002920832,-0.10824714,0.6191532,0.11707712,0.44919023,-0.1281086609927001,-0.20265392955949774,1.55671375192865,0.12416491822685978,-0.05494071218382529,0.5444671402180696
2.8796773,0.5394847,-0.20730415,0.61260194,0.118705876,0.44748482,-0.05934493411582276,-0.2496603730477885,1.922923608291004,0.16799658587720567,-0.032176133244862,0.5384773263321847
2.899447,-0.341101,-0.1135969,0.64763814,0.121229656,0.37957373,-0.12025130122165201,-0.19344113618690542,1.3210444033414672,0.12423824718762745,-0.05827436799738739,0.4735524006615214
3.136689,0.06607603,-0.121711046,0.7446821,0.042860314,0.32810885,0.029778066346726837,-0.002273741585050463,1.6026617718445482,0.15436659123365787,0.0854593177331372,0.3955309361687725
3.1170766,0.024762778,-0.22112213,0.7506865,0.043482825,0.2614948,0.06656555088586227,-0.07359558628404411,1.5761654973962114,0.15147972207938296,0.07386473599053739,0.3319510419588804
-3.0944412,-0.028007286,0.399525,0.68374205,0.051729362,0.3843995,0.21767734762324364,-0.14825916131220862,1.5717931552579059,0.1735992751786494,-0.05383778657351787,0.43302226448213954
1.479633,-2.5455518,-0.06421042,0.6596741,0.07359395,0.4593388,-0.12631160227166874,-0.19019072793455924,-0.5208727078986246,-0.14244193869597532,0.02050323216674016,0.519639059696565
-2.7807243,-0.24573237,-0.09767168,0.42963436,-0.23618703,0.44554958,0.22783608309318998,0.36717766514053146,1.7062188020979376,0.087044215104728,-0.18441009539586817,0.5571594481036867
-2.5415463,-0.30614156,0.13360848,0.5395186,-0.21158545,0.47316328,0.5356180959986878,0.4361697932033941,1.733086112645573,0.22315069444784227,-0.14623563676346815,0.505555229583938
2.5556533,-0.109332584,-0.11503445,0.677227,0.19383071,0.35537052,-0.3984357793495009,-0.5014798703404064,1.4366913060239461,0.05637151323857496,-0.01159440786676393,0.5032507982968051
2.5487623,0.47351548,-0.21594806,0.68528146,0.18297382,0.38313195,-0.3305767147696512,-0.5577769700007875,1.8789174204263255,0.05968528075379769,0.027448748385629704,0.5238244324377233
-2.5472517,0.91627514,0.41032436,0.6542118,-0.18186955,0.41498274,0.4929852530557766,0.09861560429908425,0.8554570267471048,0.04671452204493094,-0.08647856180776757,0.48219804593265436
-2.593817,0.7191759,0.37682834,0.65418625,-0.17938332,0.41288427,0.4970216615064033,0.13258571595394159,0.9999729498329906,0.06818550357085543,-0.08639393976473969,0.4779497283516358
-2.6293893,0.29355228,0.35230502,0.6462888,-0.16528481,0.41258815,0.5385213462718293,0.18681241408809546,1.305456150684771,0.12341645369881363,-0.10271906663460256,0.46049111268103393
-2.5365632,0.62970537,0.22398686,0.7190395,-0.15739243,0.33283144,0.4948330588623474,0.28896669993721064,1.0446071659093885,0.13771095231749308,0.01604699465896005,0.39364191156482087
-2.5089443,0.7636278,0.2707955,0.76035523,-0.04782254,0.29610404,0.4945335878683004,0.2503744873844613,0.9465793749347142,0.22071317499666931,-0.005157747863156599,0.3089250870982068
